00010011
10000110
11110100
00000101
00101111
00000111
00111100
01100101
01101001
10100110
10011111
00001111
10100011
00110110
11100011
00101010
00110110
11001000
10011100
11011101
00100001
00110000
00100111
10010010
00000100
11100011
11100001
01001101
01110111
01100011
10111100
10111000
01101010
01010010
10100110
01111010
10011010
01000100
10000000
01011001
10010100
11111001
11001010
10110111
01000101
01001010
01101001
00001101
11110001
00001001
11111001
10010000
10011100
00100111
00111110
00010110
01110111
10000100
01101011
10011000
10101101
01100010
11011001
11010110
10110101
00001101
00100100
00100001
11000000
10101010
10100000
01000010
00101110
10101000
01101000
11110010
00100011
11110110
11100100
01001100
01000111
01111111
01101110
01000111
01110001
10111011
11011010
01101001
11011101
00101010
11000011
00110101
00001010
10010000
10100000
10001101
00111100
01101111
10111001
10110001
10101000
01011011
01000000
01100011
00110011
01101110
01110101
01110011
00001001
11011100
01011011
10100001
10001000
11010110
00011110
10110011
10010001
10011100
11111011
01010010
00011110
11000100
11011010
11001000
11001010
11101101
01010000
11100111
01101011
11100010
10100000
10110000
11011000
10011111
11001110
00101110
01000110
01010100
11010011
11101111
00010000
11001011
00010100
01010111
00001001
10000110
00100101
00000101
11111110
00101101
00001101
01111100
00111011
10100101
01011111
00000100
10001011
00110110
10011000
11110101
10101111
10101101
10000010
11010001
11010101
01100110
10001010
00100011
01011111
11111111
00001001
10110100
10101111
10110010
11100101
10111110
01011110
00010000
01001011
00100111
00000110
00111100
01011110
10010111
10100011
10011000
10110100
11011011
10101001
01010100
11001110
10111100
11001010
01111010
11110110
00110011
11100010
11000101
01001100
01101001
11001000
11011110
00111010
00101010
11101001
00010000
10111011
00011011
10100010
00010110
10010000
10101110
11101010
10101010
11111000
11101101
00110000
10001001
10000001
11111010
01000000
00000111
01110011
01101001
00101100
11001101
11100000
01100101
01101100
00100010
10100011
01110001
01101100
11011110
11010011
00101110
11100010
11010101
11001101
00001001
10011011
00011111
11110111
10011010
11110000
00100110
10100000
10011111
01101000
01000111
00100110
11100110
00001011
11101100
10010010
10000110
